728367
728408
728205
728206
728207
728209
728211
728215
728218
728219
728221
728222
728237
728238
728239
728240
728241
728242
728243
728244
728245
728246
728249
728250
728251
728252
728253
728255
728256
728257
728258
728259
728260
728262
728271
728272
728274
728276
728278
728279
728280
728281
728283
728284
728285
728286
728290
728291
728292
728293
728294
728295
728296
728297
728298
728299
728300
728301
728304
728305
728306
728307
728308
728309
728310
728311
728313
728314
728315
728318
728339
728340
728341
728342
728343
728344
728345
728346
728347
728348
728349
728351
728352
728353
728354
728356
728358
728359
728360
728361
728363
728365
728366
728368
728369
728370
728371
728373
728375
728378
728379
728380
728382
728383
728384
728385
728387
728388
728389
728390
728391
728393
728394
728395
728396
728398
728399
728400
728401
728402
728403
728404
728405
728407
728409
728410
728411
730678
730679
730681
730683
735991
755694
756601
765618
767145
778633
786024
